
 Solver for generalized eigenvalue minimization 
 Iterations   :    Best objective value so far 
 * switching to QR
     1
     2
     3
     4
     5
     6
     7
     8
     9
    10
* Feasibility radius set to  1.00e+10
    11
    12
    13
    14
    15
    16
    17
    18
    19
    20
* Feasibility radius set to  1.00e+11
    21
    22               9.999990e+04
    23               9.999680e+04
    24               9.999370e+04
    25               9.999060e+04
    26               9.475838e+04
    27               9.475545e+04
    28               8.484947e+04
    29               8.484684e+04
    30               7.704213e+04
    31               7.703974e+04
    32               7.105618e+04
    33               7.105398e+04
    34               6.437047e+04
    35               6.436848e+04
    36               6.009192e+04
    37               6.009005e+04
    38               5.386631e+04
    39               5.386464e+04
    40               5.034500e+04
    41               5.034344e+04
    42               4.585071e+04
    43               4.584929e+04
    44               4.297477e+04
    45               4.297344e+04
    46               4.029361e+04
    47               4.029236e+04
    48               3.801257e+04
    49               3.801139e+04
    50               1.657803e+04
    51               1.520711e+04
    52               1.520664e+04
    53               1.401453e+04
    54               1.401410e+04
    55               1.304160e+04
    56               1.304119e+04
    57               1.203677e+04
    58               1.203639e+04
    59               1.118585e+04
    60               1.118551e+04
    61               1.027063e+04
    62               1.027031e+04
    63                9366.272769
    64                9365.982415
    65                8502.429405
    66                8502.165829
    67                7782.802566
    68                7782.561300
    69                7193.989397
    70                7193.766383
    71                6785.780697
    72                6785.570337
    73                6785.359985
    74                6785.149638
    75                4964.970055
    76                4964.816141
    77                4814.536398
    78                4814.387147
    79                4814.237901
    80                4814.088660
    81                4708.818332
    82                4708.818332
    83                4708.672359
    84                4372.199816
    85                4372.064277
    86                4225.846428
    87                4225.715427
    88                4225.584430
    89                4225.453437
    90                4121.562411
    91                4121.562411
    92                4121.434643
    93                4121.306878
    94                4011.448716
    95                4011.448716
    96                4011.324361
    97                4011.200010
    98                3901.855084
    99                3901.855084
   100                3901.734127
   101                3901.613173
   102                3790.833428
   103                3790.833428
   104                3790.715912
   105                3790.598400
   106                3679.856178
   107                3679.856178
   108                3679.742103
   109                3679.628031
   110                3570.946233
   111                3570.946233
   112                3570.835534
   113                3570.724838
   114                3461.802929
   115                3461.802929
   116                3461.695613
   117                3461.588300
   118                3358.311896
   119                3358.311896
   120                3358.207788
   121                3358.103684
   122                3251.398135
   123                3251.398135
   124                3251.297342
   125                3251.196552
   126                3157.704164
   127                3157.704164
   128                3157.606275
   129                3157.508389
   130                3048.839610
   131                3048.839610
   132                3048.745096
   133                3048.650585
   134                2975.170310
   135                2975.170310
   136                2975.170310
   137                2975.078080
   138                2846.820699
   139                2846.732448
   140                2846.644199
   141                2846.555953
   142                1939.738682
   143                1939.678550
   144                1892.832208
   145                1892.773530
   146                1879.508438
   147                1484.842501
   148                1468.260253
   149                1468.214737
   150                1187.483140
   151                1178.283517
   152                1178.246991
   153                1168.597451
   154                1168.597451
   155                1034.448838
   156                1018.165562
   157                1018.133999
   158                1018.102437
   159                1009.655344
   160                1009.624045
   161                 877.778218
   162                 863.856331
   163                 863.829551
   164                 863.802773
   165                 855.720115
   166                 855.720115
   167                 783.369365
   168                 769.850031
   169                 769.850031
   170                 769.826165
   171                 580.552290
   172                 515.153806
   173                 512.511272
   174                 512.495384
   175                 507.273977
   176                 507.258252
   177                 483.511017
   178                 477.841733
   179                 477.826920
   180                 453.562087
   181                 448.769928
   182                 448.756016
   183                 412.176782
   184                 407.168363
   185                 407.155741
   186                 402.490444
   187                 402.477966
   188                 396.395392
   189                 396.383104
   190                 396.370816
   191                 392.584203
   192                 392.572033
   193                 355.926371
   194                 350.450603
   195                 350.439739
   196                 350.428875
   197                 346.447034
   198                 346.436294
   199                 334.685462
   200                 334.675087
   201                 328.579132
   202                 328.568946
   203                 328.558760
   204                 324.895538
   205                 324.885466
   206                 307.527688
   207                 307.518154
   208                 301.049002
   209                 301.039669
   210                 301.030337
   211                 297.970791
   212                 297.961554
   213                 261.224440
   214                 255.493254
   215                 255.485334
   216                 255.477414
   217                 252.790246
   218                 252.782410
   219                 225.858006
   220                 220.368458
   221                 220.361626
   222                 220.354795
   223                 172.033208
   224                 170.499821
   225                 170.494536
   226                 169.163240
   227                 169.157996
   228                 167.758372
   229                 167.753172
   230                 132.548668
   231                 131.204255
   232                 131.200188
   233                 109.437991
   234                 108.179987
   235                 108.176634
   236                  98.335376
   237                  96.880067
   238                  96.877064
   239                  96.874061
   240                  95.705788
   241                  95.702821
   242                  93.969368
   243                  93.966455
   244                  92.241651
   245                  92.238791
   246                  92.235932
   247                  91.217387
   248                  91.214559
   249                  84.983157
   250                  83.250950
   251                  83.248369
   252                  83.245788
   253                  82.341497
   254                  82.338945
   255                  74.544417
   256                  72.797033
   257                  72.794776
   258                  72.792519
   259                  72.153548
   260                  72.151312
   261                  71.522402
   262                  71.520184
   263                  70.874610
   264                  70.872413
   265                  70.234899
   266                  70.232722
   267                  69.545417
   268                  69.543262
   269                  54.576918
   270                  53.788456
   271                  53.786788
   272                  50.894704
   273                  49.828096
   274                  49.826551
   275                  49.825006
   276                  49.339991
   277                  49.338462
   278                  41.420254
   279                  40.562339
   280                  40.561082
   281                  40.559824
   282                  40.103086
   283                  40.101843
   284                  38.665178
   285                  38.663980
   286                  37.706278
   287                  37.706278
   288                  37.705109
   289                  33.766863
   290                  33.765817
   291                  33.225401
   292                  33.224371
   293                  33.223341
   294                  32.673413
   295                  32.673413
   296                  32.672401
   297                  32.356466
   298                  32.356466
   299                  28.787555
   300                  28.072989
   301                  28.072989
   302                  28.072119
   303                  26.909159
   304                  26.908325
   305                  26.297081
   306                  26.296266
   307                  26.295450
   308                  20.201069
   309                  20.030157
   310                  20.029536
   311                  14.625543
   312                  14.325142
   313                  14.145439
   314                  14.145000
   315                  14.144562
   316                  13.972164
   317                  13.972164
   318                  13.971731
   319                  13.803480
   320                  13.803480
   321                  13.803052
   322                  13.620557
   323                  13.620557
   324                  13.620135
   325                  13.444057
   326                  13.444057
   327                  13.443640
   328                  13.248820
   329                  13.248820
   330                  13.248409
   331                  13.072502
   332                  13.072502
   333                  13.072096
   334                  12.858584
   335                  12.858584
   336                  12.858185
   337                  12.707687
   338                  12.707687
   339                  12.707293
   340                  12.409087
   341                  12.409087
   342                  12.409087
   343                  11.685784
   344                  11.685421
   345                  11.392868
   346                  11.392515
   347                  11.392162
   348                   9.104884
   349                   8.956295
   350                   8.956018
   351                   8.919387
   352                   8.919110
   353                   8.703952
   354                   8.703952
   355                   8.703682
   356                   8.043904
   357                   8.043655
   358                   7.830380
   359                   7.830137
   360                   7.829895
   361                   7.216928
   362                   7.216704
   363                   7.030387
   364                   7.030169
   365                   7.029951
   366                   6.263172
   367                   6.262978
   368                   6.136445
   369                   6.136255
   370                   6.136065
   371                   6.083557
   372                   6.083557
   373                   4.817224
   374                   4.756056
   375                   4.755908
   376                   4.229252
   377                   4.153554
   378                   4.153554
   379                   4.153425
   380                   3.128122
   381                   2.625667
   382                   2.332980
   383                   1.854887
   384                   1.696955
   385                   1.281108
   386                   1.175216
   387                   0.889786
   388                   0.782984
   389                   0.621755
   390                   0.540700
   391                   0.458542
   392                   0.404560
   393                   0.359863
   394                   0.354630
* Feasibility radius set to  1.00e+12
   395                   0.338464
* Feasibility radius set to  1.00e+13
   396                   0.338453
   397                   0.338453
* Feasibility radius set to  1.00e+14
   398                   0.338443
* Feasibility radius set to  1.00e+15
   399                   0.338432
   400                   0.338432
* Feasibility radius set to  1.00e+16
   401                   0.338422
* Feasibility radius set to  1.00e+17
   402                   0.338411
   403                   0.338411
* Feasibility radius set to  1.00e+18
   404                   0.338401
   405                   0.338401
* Feasibility radius set to  1.00e+19
   406                   0.338390
   407                   0.338390
   408                   0.338390
   409                   0.338390
   410                   0.338390
   411                   0.338390
   412                   0.338390
* Feasibility radius set to  1.00e+20
   413                   0.338390
   414                   0.338390
   415                   0.338390
   416                   0.338390
   417                   0.338390
   418                   0.338390
   419                   0.338390
   420                   0.338390
   421                   0.338390
   422                   0.338390
   423                   0.338390
   424                   0.338390
   425                   0.338390
   426                   0.338390
   427                   0.338390
   428                   0.338390
   429                   0.338390
   430                   0.338390
   431                   0.338390
   432                   0.338390
   433                   0.338390
   434                   0.338390
   435                   0.338390
   436                   0.338390
   437                   0.338390
   438                   0.338390
   439                   0.338390
   440                   0.338390
   441                   0.338390
   442                   0.338390
   443                   0.338390
   444                   0.338390
* Feasibility radius set to  1.00e+21
   445                   0.338390
   446                   0.338390
   447                   0.338390
   448                   0.338390
   449                   0.338390
   450                   0.338390
   451                   0.338390
   452                   0.338390
   453                   0.338390
   454                   0.338390
   455                   0.338390
   456                   0.338390

 Result:  feasible solution
          best value of t:     0.338390
          f-radius saturation:  10.000% of R =  1.00e+21 
 Termination due to SLOW PROGRESS:
          the gen. eigenvalue t decreased by less than
          0.000% during the last 50 iterations.
----- Iteration #1 --------------------------------------------------
----- solving gevp for SOFS -----------------------------------------

 Solver for generalized eigenvalue minimization 
 Iterations   :    Best objective value so far 
      1
     2
     3
     4
     5
     6
     7
     8
     9
    10
* Feasibility radius set to  1.00e+10
    11
    12
    13
    14
    15
    16
    17
    18
    19               9.999990e+04
    20               8.541226e+04
    21               8.317296e+04
    22               8.317038e+04
    23               8.044501e+04
    24               6.544358e+04
    25               3.065656e+04
    26               3.065561e+04
    27               2.972509e+04
    28               2.972417e+04
    29               2.972324e+04
    30               2.972232e+04
    31               1.537689e+04
    32               1.348105e+04
    33               1.319626e+04
    34               1.319585e+04
    35               1.245923e+04
    36                7746.883788
    37                4260.289975
    38                4260.157906
    39                2277.977600
    40                2277.906983
    41                1727.932599
    42                1541.421188
    43                1116.559923
    44                1102.497034
    45                 782.339669
    46                 782.315417
    47                 584.565168
    48                 562.404620
    49                 440.479693
    50                 409.768912
    51                 336.691080
    52                 304.585148
    53                 259.036481
    54                 231.073020
    55                 200.428966
    56                 178.274948
    57                 156.689258
    58                 139.765145
    59                 124.191664
    60                 111.400531
    61                  99.946600
    62                  90.232567
    63                  81.618779
    64                  74.144100
    65                  67.514070
    66                  61.670506
    67                  56.461483
    68                  51.820794
    69                  47.659558
    70                  43.923437
    71                  40.554859
    72                  37.512329
    73                  34.756228
    74                  32.255387
    75                  29.981193
    76                  27.909874
    77                  26.020160
    78                  24.293784
    79                  22.714465
    80                  21.267886
    81                  19.941342
    82                  18.723479
    83                  17.603997
    84                  16.573769
    85                  15.624576
    86                  14.749005
    87                  13.940421
    88                  13.192837
    89                  12.500962
    90                  11.860207
    91                  11.266692
    92                  10.716955
    93                  10.208248
    94                   9.738299
    95                   9.304806
    96                   8.905980
    97                   8.540078
    98                   8.204949
    99                   7.898590
   100                   7.618188
   101                   7.361243
   102                   7.124490
   103                   6.905258
   104                   6.700704
   105                   6.508382
   106                   6.326601
   107                   6.154100
   108                   5.989551
   109                   5.831119
   110                   5.678398
   111                   5.530964
   112                   5.388161
   113                   5.249177
   114                   5.113682
   115                   4.981179
   116                   4.851361
   117                   4.724103
   118                   4.600161
   119                   4.477627
   120                   4.357797
   121                   4.239494
   122                   4.124425
   123                   4.010738
   124                   3.898505
   125                   3.789133
   126                   3.681815
   127                   3.576546
   128                   3.473283
   129                   3.371603
   130                   3.272640
   131                   3.174301
   132                   3.078412
   133                   2.988338
   134                   2.898555
   135                   2.814132
   136                   2.731857
   137                   2.653174
   138                   2.575491
   139                   2.502410
   140                   2.431908
   141                   2.367961
   142                   2.305687
   143                   2.248954
   144                   2.193234
   145                   2.142043
   146                   2.093880
   147                   2.046942
   148                   2.004797
   149                   1.963359
   150                   1.925902
   151                   1.891494
   152                   1.862359
   153                   1.832739
   154                   1.809597
   155                   1.789465
   156                   1.769874
   157                   1.754370
   158                   1.742891
   159                   1.730007
   160                   1.729872
   161                   1.716142
   162                   1.713679
   163                   1.713626
* switching to QR
   164                   1.713357
   165                   1.713303
   166                   1.713009
   167                   1.713009
   168                   1.708075
   169                   1.707744
   170                   1.707744
   171                   1.707146
   172                   1.707093
   173                   1.706853
   174                   1.706800
   175                   1.706635
   176                   1.706582
   177                   1.706284
   178                   1.706284
   179                   1.705203
   180                   1.704931
   181                   1.704931
   182                   1.702533
   183                   1.702293
   184                   1.702293
   185                   1.701802
   186                   1.701749
   187                   1.701452
   188                   1.701452
   189                   1.701399
   190                   1.701300
   191                   1.701247
   192                   1.701100
   193                   1.701100
   194                   1.701047
   195                   1.700895
   196                   1.700895
   197                   1.700842
   198                   1.700561
   199                   1.700561
   200                   1.700508
   201                   1.700456
   202                   1.699382
   203                   1.698535
   204                   1.698482
   205                   1.698482
   206                   1.698482
   207                   1.698343
   208                   1.698343
   209                   1.698343
   210                   1.697680
   211                   1.696815
   212                   1.696763
   213                   1.696710
   214                   1.696658
   215                   1.696658
   216                   1.696658
   217                   1.696658
   218                   1.696658
   219                   1.696658

 Result:  feasible solution
          best value of t:     1.696658
          f-radius saturation:  0.001% of R =  1.00e+10 
 Termination due to SLOW PROGRESS:
          the gen. eigenvalue t decreased by less than
          0.000% during the last 5 iterations.
----- alp* = 1.6967 alp0* =  res = 
----- Iteration #2 --------------------------------------------------
----- solving gevp for SOFS -----------------------------------------

 Solver for generalized eigenvalue minimization 
 Iterations   :    Best objective value so far 
      1                   1.696658
     2                   1.603058
     3                   1.603009
     4                   1.602024
     5                   1.601974
     6                   1.551901
     7                   1.458811
     8                   1.367525
     9                   1.302350
    10                   1.249103
    11                   1.248535
    12                   1.248496
    13                   1.247536
    14                   1.247498
    15                   1.247459
    16                   1.246822
    17                   1.246822
    18                   1.246783
    19                   1.246147
    20                   1.246147
    21                   1.246108
    22                   1.245442
    23                   1.245442
    24                   1.245403
    25                   1.244263
    26                   1.244263
    27                   1.244263
    28                   1.244263
    29                   1.244263
    30                   1.244263
    31                   1.244224
    32                   1.234754
    33                   1.234716
    34                   1.234312
    35                   1.234312
    36                   1.234312
    37                   1.234273
    38                   1.233917
    39                   1.233917
    40                   1.233917
    41                   1.233879
    42                   1.233728
    43                   1.233690
    44                   1.233652
    45                   1.233613
    46                   1.233204
    47                   1.233204
    48                   1.233204
    49                   1.233166
    50                   1.233127
* switching to QR
    51                   1.233019
    52                   1.233019
    53                   1.232900
    54                   1.232900
    55                   1.231975
    56                   1.231937
    57                   1.231746
    58                   1.231746
    59                   1.231708
    60                   1.230756
    61                   1.230648
    62                   1.230648
    63                   1.230648
    64                   1.229227
    65                   1.229189
    66                   1.229150
    67                   1.229095
    68                   1.229095
    69                   1.229057
    70                   1.228994
    71                   1.228994
    72                   1.228994
    73                   1.228994
    74                   1.228993
    75                   1.228955
    76                   1.228917
    77                   1.228875
    78                   1.228875
    79                   1.228875
    80                   1.228837
    81                   1.228754
    82                   1.228742
    83                   1.228704
    84                   1.228661
    85                   1.228661
    86                   1.228661
    87                   1.228661
    88                   1.228660
    89                   1.228622
    90                   1.228584
    91                   1.228528
    92                   1.228528
    93                   1.228528
    94                   1.228527
    95                   1.228505
    96                   1.228505
    97                   1.228467
    98                   1.228455
    99                   1.228455
   100                   1.228416
   101                   1.228416
   102                   1.228415
   103                   1.228415
   104                   1.228377
   105                   1.228376
   106                   1.228337
   107                   1.228307
   108                   1.228307
   109                   1.228269
   110                   1.228231
   111                   1.228058
   112                   1.228044
   113                   1.228044
   114                   1.228043
   115                   1.228005
   116                   1.227966
   117                   1.227956
   118                   1.227956
   119                   1.227956
   120                   1.227956
   121                   1.227956
   122                   1.227954
   123                   1.227953
   124                   1.227953
   125                   1.227953
   126                   1.227953
   127                   1.227953
   128                   1.227953

 Result:  feasible solution
          best value of t:     1.227953
          f-radius saturation:  52.466% of R =  1.00e+09 
 Termination due to SLOW PROGRESS:
          the gen. eigenvalue t decreased by less than
          0.000% during the last 5 iterations.
----- alp* = 1.228 alp0* = 1.6967 res = 0.3817
----- Iteration #3 --------------------------------------------------
----- solving gevp for SOFS -----------------------------------------

 Solver for generalized eigenvalue minimization 
 Iterations   :    Best objective value so far 
      1                   1.227953
     2                   1.222533
     3                   1.222495
     4                   1.222457
     5                   1.220176
     6                   1.220138
     7                   1.217641
     8                   1.217603
     9                   1.172706
    10                   1.170292
* Feasibility radius set to  1.00e+10
    11                   1.170256
    12                   1.170256
    13                   1.170256
* switching to QR
    14                   1.170256
    15                   1.170220
    16                   1.168648
    17                   1.168648
    18                   1.168611
    19                   1.168575
    20                   1.168539
    21                   1.168503
    22                   1.162039
    23                   1.162039
    24                   1.162003
    25                   1.161967
    26                   1.160278
    27                   1.160278
    28                   1.160278
    29                   1.160278
* Feasibility radius set to  1.00e+11
    30                   1.160242
    31                   1.160206
    32                   1.160170
    33                   1.159652
    34                   1.159616
    35                   1.159187
    36                   1.159116
    37                   1.156310
    38                   1.145570
    39                   1.145570
    40                   1.145535
    41                   1.145499
    42                   1.145039
    43                   1.145039
    44                   1.145003
    45                   1.144811
    46                   1.144811
    47                   1.141211
    48                   1.141134
    49                   1.140963
    50                   1.140963
    51                   1.140928
    52                   1.140927
    53                   1.140892
    54                   1.139062
    55                   1.138924
    56                   1.138889
    57                   1.138853
    58                   1.138773
    59                   1.138773
    60                   1.138682
    61                   1.138682
    62                   1.138682
    63                   1.138682
    64                   1.138681
    65                   1.138355
    66                   1.138355
    67                   1.138355
    68                   1.138355
    69                   1.138355
    70                   1.138355

 Result:  feasible solution
          best value of t:     1.138355
          f-radius saturation:  19.087% of R =  1.00e+11 
 Termination due to SLOW PROGRESS:
          the gen. eigenvalue t decreased by less than
          0.000% during the last 5 iterations.
----- alp* = 1.1384 alp0* = 1.228 res = 0.078708
----- Iteration #4 --------------------------------------------------
----- solving gevp for SOFS -----------------------------------------

 Solver for generalized eigenvalue minimization 
 Iterations   :    Best objective value so far 
 * Feasibility radius set to  2.39e+11
     1                   1.138355
     2                   1.138355
     3                   1.138355
     4                   1.138355
     5                   1.137926
* switching to QR
     6                   1.136643
     7                   1.136643
     8                   1.136608
     9                   1.135442
    10                   1.135441
    11                   1.134125
    12                   1.134090
    13                   1.112550
    14                   1.111047
    15                   1.111047
    16                   1.111047
    17                   1.111046
    18                   1.109878
    19                   1.108997
    20                   1.108997
    21                   1.108997
    22                   1.108997
    23                   1.108825
    24                   1.108790
    25                   1.108756
    26                   1.107809
    27                   1.107729
    28                   1.107618
    29                   1.102777
    30                   1.102743
    31                   1.102693
    32                   1.102636
    33                   1.102601
    34                   1.102378
    35                   1.102378
    36                   1.101019
    37                   1.099952
    38                   1.099816
    39                   1.099816
    40                   1.098901
    41                   1.098647
    42                   1.098518
    43                   1.098518
    44                   1.098484
    45                   1.097283
    46                   1.097219
    47                   1.097219
    48                   1.097185
* Feasibility radius set to  2.39e+12
    49                   1.097151
    50                   1.097151
    51                   1.097117
    52                   1.097061
    53                   1.097061
    54                   1.097061
    55                   1.097027
    56                   1.096982
    57                   1.096982
    58                   1.096982
    59                   1.096891
    60                   1.096891
    61                   1.096862
    62                   1.096862
    63                   1.096862
    64                   1.096828
    65                   1.096794
    66                   1.096760
    67                   1.096709
    68                   1.096661
    69                   1.096661
    70                   1.096661
    71                   1.096627
    72                   1.096626
    73                   1.096626
    74                   1.096625
    75                   1.096625
    76                   1.096625
    77                   1.096625
    78                   1.096608
    79                   1.096574
    80                   1.096347
    81                   1.096256
    82                   1.096229
    83                   1.096203
    84                   1.096203
    85                   1.096183
    86                   1.096183
    87                   1.096183
    88                   1.096183
    89                   1.096183
    90                   1.096183

 Result:  feasible solution
          best value of t:     1.096183
          f-radius saturation:  27.744% of R =  2.39e+12 
 Termination due to SLOW PROGRESS:
          the gen. eigenvalue t decreased by less than
          0.000% during the last 5 iterations.
----- alp* = 1.0962 alp0* = 1.1384 res = 0.038472
----- Iteration #5 --------------------------------------------------
----- solving gevp for SOFS -----------------------------------------

 Solver for generalized eigenvalue minimization 
 Iterations   :    Best objective value so far 
 * Feasibility radius set to  8.27e+12
     1                   1.096183
     2                   1.096183
     3                   1.096149
* switching to QR
     4                   1.096115
     5                   1.094824
     6                   1.094790
     7                   1.088533
     8                   1.087442
     9                   1.087442
    10                   1.087408
    11                   1.087375
    12                   1.087318
    13                   1.080914
    14                   1.080539
    15                   1.080506
    16                   1.080472
    17                   1.080472
    18                   1.080472
    19                   1.080439
    20                   1.080405
    21                   1.080372
    22                   1.080372
    23                   1.080372
    24                   1.080372
    25                   1.080371
    26                   1.080370
    27                   1.080336
    28                   1.080303
    29                   1.080269
    30                   1.080236
    31                   1.080202
    32                   1.080169
    33                   1.080135
    34                   1.080102
    35                   1.080068
    36                   1.080035
    37                   1.080001
    38                   1.079968
    39                   1.079934
    40                   1.079901
    41                   1.079901
    42                   1.079901
    43                   1.079900
    44                   1.079866
    45                   1.079833
    46                   1.079799
    47                   1.079799
    48                   1.079766
    49                   1.079732
    50                   1.079699
    51                   1.079665
    52                   1.079632
    53                   1.079599
    54                   1.079565
    55                   1.079532
    56                   1.079498
    57                   1.077431
    58                   1.077398
    59                   1.077398
    60                   1.077397
    61                   1.077397
    62                   1.077397
    63                   1.077397

 Result:  feasible solution
          best value of t:     1.077397
          f-radius saturation:  74.679% of R =  8.27e+12 
 Termination due to SLOW PROGRESS:
          the gen. eigenvalue t decreased by less than
          0.000% during the last 5 iterations.
----- alp* = 1.0774 alp0* = 1.0962 res = 0.017436
----- Iteration #6 --------------------------------------------------
----- solving gevp for SOFS -----------------------------------------

 Solver for generalized eigenvalue minimization 
 Iterations   :    Best objective value so far 
 * Feasibility radius set to  7.72e+13
     1                   1.077397
* switching to QR
     2                   1.077397
     3                   1.077364
     4                   1.076569
     5                   1.076569
     6                   1.076568
     7                   1.076568
     8                   1.076568
     9                   1.076567
    10                   1.076567
    11                   1.076567
    12                   1.076566
    13                   1.076565
    14                   1.076532
    15                   1.074032
    16                   1.073313
    17                   1.073313
    18                   1.073313
    19                   1.073313
    20                   1.073313
    21                   1.073280
    22                   1.073246
    23                   1.073246
    24                   1.073213
    25                   1.070141
    26                   1.069987
    27                   1.069843
    28                   1.069843
    29                   1.069843
    30                   1.069843
    31                   1.069843
    32                   1.069843

 Result:  feasible solution
          best value of t:     1.069843
          f-radius saturation:  35.857% of R =  7.72e+13 
 Termination due to SLOW PROGRESS:
          the gen. eigenvalue t decreased by less than
          0.000% during the last 5 iterations.
----- alp* = 1.0698 alp0* = 1.0774 res = 0.0070611
----- Iteration #7 --------------------------------------------------
----- solving gevp for SOFS -----------------------------------------

 Solver for generalized eigenvalue minimization 
 Iterations   :    Best objective value so far 
 * Feasibility radius set to  3.46e+14
     1                   1.069843
* switching to QR
     2                   1.069843
     3                   1.069810
     4                   1.065020
     5                   1.065020
     6                   1.064897
     7                   1.064896
     8                   1.064896
     9                   1.064896
    10                   1.064896
    11                   1.064896
    12                   1.064863
    13                   1.064830
    14                   1.064830
    15                   1.064797
    16                   1.064764
    17                   1.064764
    18                   1.064764
    19                   1.064731
    20                   1.064730
    21                   1.064730
    22                   1.064730
    23                   1.064730
    24                   1.064730
    25                   1.064730
    26                   1.064730
    27                   1.064697
    28                   1.064664
    29                   1.064662
    30                   1.064662
    31                   1.064629
    32                   1.064629
    33                   1.064629
    34                   1.064629
    35                   1.064629
    36                   1.064629

 Result:  feasible solution
          best value of t:     1.064629
          f-radius saturation:  44.553% of R =  3.46e+14 
 Termination due to SLOW PROGRESS:
          the gen. eigenvalue t decreased by less than
          0.000% during the last 5 iterations.
----- alp* = 1.0646 alp0* = 1.0698 res = 0.0048968
----- Iteration #8 --------------------------------------------------
----- solving gevp for SOFS -----------------------------------------

 Solver for generalized eigenvalue minimization 
 Iterations   :    Best objective value so far 
 * Feasibility radius set to  1.93e+15
     1                   1.064629
* switching to QR
     2                   1.064629
     3                   1.064629
     4                   1.064629
     5                   1.064596
     6                   1.064596
     7                   1.064596
     8                   1.064596
     9                   1.064596
    10                   1.064596
    11                   1.064596
    12                   1.064596
    13                   1.064596
    14                   1.064596
    15                   1.064596
    16                   1.064596
    17                   1.064596
    18                   1.064596
    19                   1.064596
    20                   1.064596
    21                   1.064596
    22                   1.064595
    23                   1.064595
    24                   1.064595
    25                   1.064595
    26                   1.064595
    27                   1.064595
    28                   1.064595
    29                   1.064595
    30                   1.064595
    31                   1.064595
    32                   1.064595

 Result:  feasible solution
          best value of t:     1.064595
          f-radius saturation:  45.341% of R =  1.93e+15 
 Termination due to SLOW PROGRESS:
          the gen. eigenvalue t decreased by less than
          0.000% during the last 5 iterations.
----- alp* = 1.0646 alp0* = 1.0646 res = 3.2001e-05
